2011 COD AREA 6A WITH discards (2007 data updated at WGCSE_09)                                                
1 1
1978 2010
1  7
5
17201.30168
16142.72613
18874.69534
24384.30947
23164.69147
23324.69157
21907.14298
27431.68766
13019.89656
27758.12095
21546.23922
19987.28247
12489.59527
11836.24076
11988.59094
10498.81975
9114.249041
9696.499882
9512.700774
7387.23552
6131.38029
4288.900847
3582.045836
2556.27041
2408.885072
1286.925048
612.020415
551.969342
932.256223
2607.578519
1358.526594
1602.28464
1422.401386